Stationary
1, 2	6.05882	5.65354	4.65812	5.39947	5.09706	5.42399
1, 3	7.666	8.61181	8.77917	8.08338	8.4374	8.35859
1, 4	5.5711	5.90901	6.0982	5.89807	6.14107	6.32214
1, 5	6.51736	6.8663	6.66305	6.5812	6.28073	6.5343
1, 6	7.85405	8.72448	8.68288	8.36363	8.89702	8.61305
2, 3	8.88869	9.26942	9.61036	9.40984	9.13245	9.27174
2, 4	8.0707	8.54719	8.29637	8.66585	8.33415	8.24083
2, 5	8.21456	8.83891	8.8661	8.60304	8.8293	8.82259
2, 6	10.7389	11.6188	11.1063	11.1364	11.4429	11.2546
3, 4	10.8758	11.4259	11.266	11.242	11.8856	11.3047
3, 5	11.7613	11.6484	11.7409	11.7826	11.7178	11.5585
3, 6	12.9204	13.768	13.6597	13.7768	13.7935	13.484
4, 5	9.40157	10.0684	10.0237	9.86982	9.7256	9.87991
4, 6	12.503	13.1539	12.6043	13.2837	12.7043	12.7013
5, 6	13.3161	13.3893	13.8534	13.709	13.9328	13.6449

————————————————————————————————————————————

Stationary
1, 2	6.91064
1, 3	10.3527
1, 4	9.25143
1, 5	9.16828
1, 6	13.1791
2, 3	11.3111
2, 4	11.4738
2, 5	11.5128
2, 6	16.9784
3, 4	14.0891
3, 5	14.3848
3, 6	19.2272
4, 5	13.8562
4, 6	18.2168
5, 6	19.2791